<?xml version="1.0"?>
<opencv_storage>
<points>
  555 167 537 167 534 173 534 367 526 374 446 377 446 385 474 386 480
  393 535 394 552 380 556 369 556 312 549 294 548 253 556 237 57 22 41
  32 36 51 37 108 43 112 44 153 43 167 37 175 36 244 43 253 43 303 37
  307 38 371 46 387 62 395 113 393 118 387 146 386 147 377 72 375 59 368
  55 310 58 48 65 42 155 41 155 33 121 27 115 21 438 30 438 38 529 41
  534 46 534 97 539 103 555 103 554 39 542 24 525 19 477 19 472 25 451
  25</points>
<anchor_indices>
  0 6 16 31 44 50</anchor_indices>
</opencv_storage>
